264 function
269 test_newStuff
268 returns
261 boolean
59 ;
260 begin
270 10
271 =>
270 4
59 ;
272 case
273 else
274 endcase
275 endif
276 if
277 others
278 real
279 then
280 when
281 or
282 not
270 1
256 =
270 1
59 ;
270 1
256 /=
270 3
59 ;
270 4
256 >
270 8
59 ;
270 3
256 >=
270 2
59 ;
270 7
256 <=
270 3
59 ;
270 3
257 -
270 1
59 ;
270 4
258 /
270 1
59 ;
270 3
283 rem
270 10
59 ;
270 3
284 **
270 1
59 ;
285 1.00e-2
59 ;
285 1.2
59 ;
285 1.
59 ;
285 48E2
59 ;
286 true
59 ;
286 false
59 ;
262 end
59 ;
